-   fields:
        started_at: 2010-08-17 09:00:10
        ended_at: 2010-08-27 09:00:10
        total_amount: "20"
        insurance_amount: "1.294920"
        deposit_amount: "10"
        booking_state: 1
        payment_state: 0
        contract_id: 1
        owner: 1
        borrower: 2
        product: 1
        pin: 1234
        created_at: 2010-08-15 09:00:10
    model: rent.booking
    pk: 87ee8e9dec1d47c29ebb27e09bda8fc3

-   fields:
        started_at: 2010-08-19 09:00:10
        ended_at: 2010-08-29 09:00:10
        total_amount: "20"
        insurance_amount: "1.294920"
        deposit_amount: "10"
        booking_state: 1
        payment_state: 0
        contract_id: 1
        owner: 2
        borrower: 1
        product: 1
        pin: 4321
        created_at: 2010-08-15 09:00:10
    model: rent.booking
    pk: 8fd2f3df67e2488496899aeb22601b15

-   fields:
        started_at: 2010-08-19 09:00:10
        ended_at: 2010-08-29 09:00:10
        total_amount: "20"
        insurance_amount: "1.294920"
        deposit_amount: "10"
        booking_state: 2
        payment_state: 0
        contract_id: 1
        owner: 2
        borrower: 1
        product: 1
        pin: 3412
        created_at: 2010-08-15 09:00:10
    model: rent.booking
    pk: a72608d9a7e349ce9ba628abfdfc9cb3
